GAMP/Examples/2017244/CODG2440.17I
     1.0            IONOSPHERE MAPS     GNSS                IONEX VERSION / TYPE
ADDNEQ2 V5.3        AIUB                06-SEP-17 02:22     PGM / RUN BY / DATE 
CODE'S GLOBAL IONOSPHERE MAPS FOR DAY 244, 2017             COMMENT             
Global ionosphere maps (GIM) are generated on a daily basis DESCRIPTION         
at CODE using data from about 300 GNSS sites of the IGS and DESCRIPTION         
other institutions. The vertical total electron content     DESCRIPTION         
(VTEC) is modeled in a solar-geomagnetic reference frame    DESCRIPTION         
using a spherical harmonics expansion up to degree and      DESCRIPTION         
order 15. Piece-wise linear functions are used for          DESCRIPTION         
representation in the time domain. The time spacing of      DESCRIPTION         
their vertices is 1 hour, conforming with the epochs of the DESCRIPTION         
VTEC maps.                                                  DESCRIPTION         
To convert line-of-sight TEC into vertical TEC, a modified  DESCRIPTION         
single-layer model mapping function approximating the JPL   DESCRIPTION         
extended slab model mapping function is adopted. The        DESCRIPTION         
mapping function is evaluated at geodetic satellite         DESCRIPTION         
elevation angles. For the computation of the ionospheric    DESCRIPTION         
pierce points, a spherical layer with a radius of 6821 km   DESCRIPTION         
is assumed, implying geocentric, not geodetic IONEX         DESCRIPTION         
latitudes.                                                  DESCRIPTION         
Instrumental biases with respect to each involved GNSS code DESCRIPTION         
observable are estimated as constant values for each        DESCRIPTION         
day. They are modeled with one set of bias parameters for   DESCRIPTION         
each satellite and each station in case of GPS and for each DESCRIPTION         
satellite-station link in case of GLONASS. The code bias    DESCRIPTION         
datum is defined by zero-mean conditions imposed on the     DESCRIPTION         
satellite bias estimates. In this file, just GPS C1W-C2W    DESCRIPTION         
satellite and station bias values are included. The         DESCRIPTION         
complete set of GNSS code bias results is provided in an    DESCRIPTION         
additional Bias-SINEX file as pseudo-absolute values        DESCRIPTION         
specific to each observable.                                DESCRIPTION         
Note: These GIM results correspond to the results for the   DESCRIPTION         
middle day of a 3-day combination analysis solving for 73   DESCRIPTION         
times 256, or 18688 VTEC parameters and 3 daily sets of     DESCRIPTION         
GNSS code bias parameters.                                  DESCRIPTION         
Contact address: code(at)aiub.unibe.ch                      DESCRIPTION         
Data archive:    ftp.aiub.unibe.ch/CODE/                    DESCRIPTION         
                 www.aiub.unibe.ch/download/CODE/           DESCRIPTION         
  2017     9     1     0     0     0                        EPOCH OF FIRST MAP  
  2017     9     2     0     0     0                        EPOCH OF LAST MAP   
  3600                                                      INTERVAL            
[...]
flrs frdn ftna func ganp glps glsv gmsd gode godz gol2 gold COMMENT             
gope gras graz guam guat guug harb hers hert hlfx hnlc hnpt COMMENT             
hob2 hofn holb holm hrao hyde iddr ieng iisc ineg invk iqal COMMENT             
irkj isba joz2 joze karr kat1 kely kerg khar kir0 kiri kiru COMMENT             
kit3 kokb kokv kouc koug krgg lama laut lhaz lmmf lpal lpgs COMMENT             
m0se mac1 madr mag0 maju mal2 mana mas1 mat1 mate maui maw1 COMMENT             
mbar mcil mcm4 mdo1 mdvj medi mets mgue mizu mkea mnls mobj COMMENT             
mobk mobs monp morp mqzg mro1 mtka nain nano naur nico nist COMMENT             
nium nklg nlib nnor not1 novm nrc1 nrmd ntus nya1 nyal ohi2 COMMENT             
ohi3 onsa opmt ous2 pado palv parc park pbri pdel penc pert COMMENT             
pfa2 pie1 pimo pohn pol2 polv pots pove prds ptag ptbb ptvl COMMENT             
qaq1 rabt ramo rbay recf reso reun reyk rgdg rio2 riop roth COMMENT             
salu samo sant savo sch2 scrz sctb scub seyg sfer shao sofi COMMENT             
spt0 ssia sthl stjo stk2 str2 suth sutm sutv suwn sydn syog COMMENT             
tabl tabv tash tehn thtg thti thu2 thu3 tid1 tidb tixg tixi COMMENT             
tlse tn22 tong tow2 tro1 tsea tskb twtf txes uclu ufpr unb3 COMMENT             
unbj unsa urum urus usud vaco vald vill voim vtsp wab1 wark COMMENT             
wgtn whit will wind wsrt wtza wtzr wtzs wtzz xmis yakt yar2 COMMENT             
yar3 yarr ycba yell ykro yssk zamb zeck zim2 zim3 zimj zimm COMMENT             
                                                            END OF HEADER       
[from data line 4719]
    12                                                      START OF TEC MAP    
  2017     9     1    11     0     0                        EPOCH OF CURRENT MAP
    87.5-180.0 180.0   5.0 450.0                            LAT/LON1/LON2/DLON/H
   77   78   79   80   80   81   82   83   84   84   85   86   86   87   87   88
   88   88   89   89   89   90   90   90   90   90   90   90   90   89   89   89
   88   88   87   87   86   86   85   84   84   83   82   81   81   80   79   78
   78   77   76   76   75   74   74   73   73   73   72   72   72   72   72   72
   73   73   73   74   74   75   76   76   77
    85.0-180.0 180.0   5.0 450.0                            LAT/LON1/LON2/DLON/H
   72   73   75   77   78   80   81   82   83   85   85   86   87   88   88   89
   90   90   90   91   91   92   92   92   93   93   93   93   93   93   93   92
   92   91   90   89   88   87   86   85   84   83   82   81   79   78   77   76
   74   73   72   71   69   68   67   66   65   64   63   63   62   62   62   62
   62   63   64   65   66   67   69   70   72
    82.5-180.0 180.0   5.0 450.0                            LAT/LON1/LON2/DLON/H
   67   70   72   74   76   78   80   81   82   83   83   84   84   85   85   85
   86   86   87   87   88   88   89   90   91   91   92   92   93   93   93   93
   92   92   91   90   89   88   86   85   84   82   81   80   79   78   76   75
   74   73   71   70   68   66   64   62   61   59   57   56   55   54   54   54
   54   54   55   57   59   60   63   65   67
    80.0-180.0 180.0   5.0 450.0                            LAT/LON1/LON2/DLON/H
   64   67   70   72   75   76   78   79   79   79   79   79   78   78   77   77
   77   78   78   79   80   81   82   84   85   87   88   89   90   91   91   92
   92   91   91   90   88   87   86   84   83   82   81   80   80   79   79   78
   77   76   75   73   71   69   67   64   62   59   57   55   53   51   50   49
   49   50   51   52   54   56   59   62   64
    77.5-180.0 180.0   5.0 450.0                            LAT/LON1/LON2/DLON/H
   63   66   69   71   73   75   75   76   75   74   73   72   70   69   68   67
   67   67   68   69   71   72   74   76   78   80   82   84   86   88   89   90
   90   90   90   89   88   87   85   84   83   82   81   81   82   82   83   83
   83   83   82   81   79   76   74   71   68   64   61   58   56   53   52   50
   50   50   50   51   53   55   58   60   63
    75.0-180.0 180.0   5.0 450.0                            LAT/LON1/LON2/DLON/H
   63   65   68   70   72   73   73   72   71   69   67   65   62   61   59   58
   58   59   60   61   63   65   68   70   72   75   77   80   82   84   86   88
   90   90   90   90   88   87   85   84   83   82   83   84   85   87   88   90
   91   91   91   89   87   85   82   79   75   72   68   65   62   60   58   56
   55   54   54   54   55   56   58   60   63
    72.5-180.0 180.0   5.0 450.0                            LAT/LON1/LON2/DLON/H
   61   63   65   67   69   70   70   69   68   65   62   60   57   55   54   53
   53   54   56   57   60   62   64   67   69   71   74   76   79   81   84   87
   89   91   92   91   90   88   86   85   84   84   85   87   89   92   94   96
   98   98   98   96   94   91   88   85   82   79   76   73   70   68   66   64
   62   61   60   59   58   58   59   60   61
    70.0-180.0 180.0   5.0 450.0                            LAT/LON1/LON2/DLON/H
   58   59   60   63   64   66   66   66   64   62   59   57   55   54   53   53
   54   55   56   58   61   63   65   67   69   70   72   73   76   79   82   86
   90   92   94   94   93   91   89   87   86   86   88   90   94   97  100  102
  103  103  101   99   96   93   90   87   85   82   80   78   77   75   73   71
   69   68   66   64   62   60   58   58   58
    67.5-180.0 180.0   5.0 450.0                            LAT/LON1/LON2/DLON/H
   52   52   53   55   58   60   62   62   61   60   58   56   56   55   56   57
   58   60   61   63   65   66   68   69   70   70   71   72   74   77   81   85
   90   94   97   97   96   94   92   90   89   90   92   95   99  102  104  106
  105  104  101   98   94   91   88   85   84   83   82   81   80   79   78   76
   74   72   69   66   63   59   56   53   52
    65.0-180.0 180.0   5.0 450.0                            LAT/LON1/LON2/DLON/H
   44   43   44   47   50   54   56   57   58   57   57   56   57   59   61   63
   65   66   67   68   69   70   71   72   72   71   71   71   72   75   79   85
   90   96   99  101  100   98   96   94   93   94   97  101  104  107  109  108
  106  103   98   93   89   85   82   81   80   80   81   81   81   80   79   77
   75   73   70   66   62   56   51   47   44
    62.5-180.0 180.0   5.0 450.0                            LAT/LON1/LON2/DLON/H
   36   34   35   38   42   46   50   52   53   53   54   55   58   61   65   68
   70   71   71   71   71   72   72   73   72   71   70   70   70   73   77   84
   90   97  101  103  103  102  100   98   98  100  103  107  111  112  112  110
  106  101   95   89   84   80   78   77   77   79   80   80   80   79   77   75
   73   70   68   64   59   53   46   40   36
    60.0-180.0 180.0   5.0 450.0                            LAT/LON1/LON2/DLON/H
   31   28   28   30   35   39   43   46   47   47   48   51   55   60   65   70
   72   72   71   70   69   69   70   71   71   71   70   69   69   72   77   83
   91   98  103  106  106  105  104  103  104  106  110  114  117  118  116  113
  107  101   94   88   83   80   78   77   78   80   81   81   80   77   74   71
   68   66   64   61   57   51   43   36   31
    57.5-180.0 180.0   5.0 450.0                            LAT/LON1/LON2/DLON/H
   31   26   25   27   31   35   38   39   40   40   41   43   48   54   61   66
   68   68   67   65   63   63   65   67   68   69   69   69   70   72   77   84
   91   98  104  108  109  109  108  108  110  114  118  122  124  124  121  116
  110  104   98   92   88   85   83   83   84   86   87   86   83   78   73   68
   65   63   62   60   57   52   45   37   31
    55.0-180.0 180.0   5.0 450.0                            LAT/LON1/LON2/DLON/H
   37   32   29   29   31   33   34   34   33   32   31   34   38   45   51   57
   60   60   58   56   55   56   58   61   65   67   69   70   72   75   80   86
   93  100  105  110  112  113  114  115  118  121  126  129  131  130  126  120
  115  109  105  101   98   95   94   94   95   96   96   94   89   82   75   69
   65   63   63   63   62   58   52   44   37
    52.5-180.0 180.0   5.0 450.0                            LAT/LON1/LON2/DLON/H
   49   43   38   36   35   35   34   31   28   25   24   24   27   33   39   44
   48   49   48   47   47   49   53   58   63   67   71   73   76   80   84   89
   95  101  107  112  116  118  121  123  126  130  134  136  137  134  130  125
  120  116  114  112  110  108  107  107  108  109  108  105   99   91   82   75
   70   69   69   71   71   69   64   57   49
    50.0-180.0 180.0   5.0 450.0                            LAT/LON1/LON2/DLON/H
   65   58   51   46   43   40   36   32   28   23   20   18   19   22   27   32
   36   38   39   39   41   45   51   57   63   69   74   79   83   87   91   95
   99  104  109  115  120  125  129  132  135  138  141  142  141  138  133  129
  125  123  123  122  121  119  118  119  120  121  120  117  110  102   93   85
   80   78   79   81   83   82   79   73   65
    47.5-180.0 180.0   5.0 450.0                            LAT/LON1/LON2/DLON/H
   81   73   65   59   53   47   42   37   32   27   22   19   16   16   19   22
   26   30   33   36   41   47   54   60   67   74   80   86   91   95   98  100
  103  107  112  118  125  132  137  141  144  146  147  146  144  140  135  131
  128  128  128  128  127  125  125  125  126  128  128  125  121  114  106   99
   94   91   91   93   94   95   93   88   81
    45.0-180.0 180.0   5.0 450.0                            LAT/LON1/LON2/DLON/H
   93   86   78   69   62   56   50   45   41   37   33   27   22   18   17   18
   21   26   31   38   45   53   61   67   74   80   86   93   98  102  105  106
  108  110  115  122  131  139  146  151  153  153  152  150  146  141  136  132
  130  130  130  129  127  125  124  125  127  130  131  130  128  124  118  113
  108  104  102  102  103  103  102   99   93
    42.5-180.0 180.0   5.0 450.0                            LAT/LON1/LON2/DLON/H
   99   92   85   77   70   63   59   56   54   53   50   44   36   28   22   20
   22   27   34   43   53   62   70   76   82   87   93   99  105  109  111  112
  112  114  119  126  136  146  154  159  160  159  156  152  148  142  137  133
  131  131  130  128  124  121  121  122  125  128  130  131  132  131  129  125
  120  115  111  108  106  105  105  103   99
    40.0-180.0 180.0   5.0 450.0                            LAT/LON1/LON2/DLON/H
   97   93   87   80   74   69   66   66   68   70   70   66   56   45   35   29
   28   32   40   50   61   71   80   85   89   93   98  104  110  114  116  116
  117  119  124  132  142  153  161  167  167  165  161  156  150  144  139  136
  135  134  132  128  122  119  119  121  125  128  130  132  134  137  137  135
  130  123  115  108  104  101  101  100   97
    37.5-180.0 180.0   5.0 450.0                            LAT/LON1/LON2/DLON/H
   90   87   83   79   75   73   72   75   80   87   91   89   79   66   52   43
   39   40   46   56   68   79   87   92   95   97  102  108  114  118  120  121
  123  126  131  138  148  158  168  173  174  171  166  161  155  149  145  143
  143  143  141  135  128  125  125  128  132  134  134  136  139  142  144  142
  136  127  116  106   98   93   92   92   90
    35.0-180.0 180.0   5.0 450.0                            LAT/LON1/LON2/DLON/H
   82   80   78   76   75   74   76   80   88   99  107  108  100   86   71   58
   51   49   53   61   72   83   91   96   98  100  104  110  116  121  124  127
  130  134  140  146  154  164  173  180  181  179  174  168  163  158  156  156
  159  162  160  154  148  144  145  148  150  150  147  146  148  150  152  149
  141  129  116  103   92   85   83   82   82
    32.5-180.0 180.0   5.0 450.0                            LAT/LON1/LON2/DLON/H
   76   74   73   73   74   75   77   81   91  104  115  120  115  102   87   73
   64   58   58   63   73   83   92   97   98  100  104  111  117  123  128  133
  139  145  151  156  162  171  180  187  190  189  185  180  175  172  172  177
  184  191  193  188  182  179  180  182  182  177  171  165  164  164  162  156
  146  132  117  102   90   81   78   76   76
    30.0-180.0 180.0   5.0 450.0                            LAT/LON1/LON2/DLON/H
   76   74   72   72   74   76   77   80   89  102  115  122  120  110   97   84
   74   66   62   64   71   81   90   95   98  100  104  111  119  127  133  141
  149  157  163  168  172  180  189  198  203  203  201  196  193  191  194  203
  217  230  236  235  229  226  227  227  223  214  203  193  188  183  177  166
  152  137  122  107   94   84   79   77   76
    27.5-180.0 180.0   5.0 450.0                            LAT/LON1/LON2/DLON/H
   82   79   77   76   77   78   77   78   83   94  108  116  117  110  101   91
   81   72   65   64   69   78   87   94   96   99  104  112  122  131  140  149
  160  170  177  181  185  191  201  211  218  221  220  217  214  213  219  234
  254  274  286  287  283  279  278  275  267  254  238  226  216  208  196  180
  162  146  131  117  104   94   88   85   82
    25.0-180.0 180.0   5.0 450.0                            LAT/LON1/LON2/DLON/H
   96   91   87   84   84   83   79   76   77   85   96  104  106  103   97   91
   84   75   67   64   67   75   85   92   96   99  105  114  125  136  146  157
  170  182  191  195  199  206  217  228  237  242  242  240  238  239  247  266
  293  318  335  339  334  329  324  317  306  289  271  257  246  234  216  195
  174  157  143  131  120  110  103   99   96
    22.5-180.0 180.0   5.0 450.0                            LAT/LON1/LON2/DLON/H
  112  106  100   96   94   90   84   77   74   77   85   91   92   91   89   87
   83   77   69   64   66   74   84   92   96   99  106  116  129  141  152  164
  178  192  203  210  216  224  236  248  258  264  266  266  265  266  276  297
  327  356  375  380  374  365  356  346  331  312  296  283  272  257  236  210
  186  169  157  146  136  126  119  115  112
    20.0-180.0 180.0   5.0 450.0                            LAT/LON1/LON2/DLON/H
  127  122  115  109  104   99   91   81   75   74   77   80   79   78   78   80
   80   75   69   64   66   74   84   92   97  100  107  118  132  146  157  169
  183  199  213  223  233  243  256  269  280  286  290  291  291  293  303  324
  354  384  402  405  396  384  371  356  339  321  308  298  290  276  252  223
  197  179  168  158  148  138  132  129  127
    17.5-180.0 180.0   5.0 450.0                            LAT/LON1/LON2/DLON/H
  138  135  129  122  115  108   99   89   81   78   76   75   71   68   68   72
   74   73   68   64   66   73   84   93   98  102  108  120  135  150  161  173
  186  203  221  236  249  262  276  289  299  305  310  314  316  318  327  346
  374  400  414  413  400  384  367  350  333  317  308  304  299  286  262  231
  204  185  173  164  154  144  138  138  138
    15.0-180.0 180.0   5.0 450.0                            LAT/LON1/LON2/DLON/H
  143  144  140  132  124  117  108   99   92   86   82   77   69   63   62   65
   69   69   65   63   65   73   84   94  100  104  110  122  138  153  165  175
  188  206  227  246  262  278  292  304  313  320  326  333  337  341  348  364
  386  406  413  407  390  371  352  335  318  305  300  301  300  289  266  235
  206  186  173  163  151  141  137  139  143
    12.5-180.0 180.0   5.0 450.0                            LAT/LON1/LON2/DLON/H
  144  149  147  140  132  124  117  110  104   99   93   84   73   64   61   62
   64   65   62   60   62   71   83   95  102  106  112  124  140  155  167  177
  190  209  231  253  272  289  302  313  320  327  336  346  354  359  365  377
  393  406  406  394  374  354  336  319  304  294  291  294  295  287  265  235
  205  183  168  156  143  133  129  135  144
    10.0-180.0 180.0   5.0 450.0                            LAT/LON1/LON2/DLON/H
  141  151  152  146  137  129  123  118  114  111  105   95   82   70   63   62
   62   61   59   57   59   68   81   95  104  109  114  125  141  157  169  179
  193  212  235  258  278  293  305  314  320  328  339  352  364  371  378  388
  399  404  398  381  361  342  326  311  298  289  287  289  290  282  262  233
  203  178  161  146  133  123  121  128  141
     7.5-180.0 180.0   5.0 450.0                            LAT/LON1/LON2/DLON/H
  140  153  156  151  141  132  126  123  122  119  114  104   91   78   69   64
   62   59   56   54   56   65   79   94  105  112  117  128  143  159  172  183
  197  216  239  260  278  291  300  307  312  321  335  352  367  378  387  396
  404  405  394  376  356  341  329  318  305  295  290  289  286  278  259  231
  201  175  154  139  126  117  116  125  140
     5.0-180.0 180.0   5.0 450.0                            LAT/LON1/LON2/DLON/H
  142  156  161  156  145  134  128  125  124  122  118  110   98   86   75   68
   63   58   54   52   54   62   77   94  107  115  120  130  144  160  174  187
  202  221  242  259  272  281  288  293  299  309  325  345  363  378  390  401
  409  408  396  378  362  352  345  336  324  312  301  293  286  275  258  232
  202  174  152  137  126  118  117  126  142
     2.5-180.0 180.0   5.0 450.0                            LAT/LON1/LON2/DLON/H
  148  161  166  160  148  135  127  123  121  120  116  110  100   90   80   71
   64   58   53   51   53   61   77   94  109  117  123  132  145  161  176  191
  208  226  244  256  263  267  271  276  282  294  311  332  353  370  386  401
  412  412  401  386  374  369  367  361  348  332  315  300  288  275  258  234
  205  176  155  141  133  128  127  134  148
