GAMP/Examples/2017244/CODG2440.17I
     1.0            IONOSPHERE MAPS     GNSS                IONEX VERSION / TYPE
ADDNEQ2 V5.3        AIUB                06-SEP-17 02:22     PGM / RUN BY / DATE 
CODE'S GLOBAL IONOSPHERE MAPS FOR DAY 244, 2017             COMMENT             
Global ionosphere maps (GIM) are generated on a daily basis DESCRIPTION         
at CODE using data from about 300 GNSS sites of the IGS and DESCRIPTION         
other institutions. The vertical total electron content     DESCRIPTION         
(VTEC) is modeled in a solar-geomagnetic reference frame    DESCRIPTION         
using a spherical harmonics expansion up to degree and      DESCRIPTION         
order 15. Piece-wise linear functions are used for          DESCRIPTION         
representation in the time domain. The time spacing of      DESCRIPTION         
their vertices is 1 hour, conforming with the epochs of the DESCRIPTION         
VTEC maps.                                                  DESCRIPTION         
To convert line-of-sight TEC into vertical TEC, a modified  DESCRIPTION         
single-layer model mapping function approximating the JPL   DESCRIPTION         
extended slab model mapping function is adopted. The        DESCRIPTION         
mapping function is evaluated at geodetic satellite         DESCRIPTION         
elevation angles. For the computation of the ionospheric    DESCRIPTION         
pierce points, a spherical layer with a radius of 6821 km   DESCRIPTION         
is assumed, implying geocentric, not geodetic IONEX         DESCRIPTION         
latitudes.                                                  DESCRIPTION         
Instrumental biases with respect to each involved GNSS code DESCRIPTION         
observable are estimated as constant values for each        DESCRIPTION         
day. They are modeled with one set of bias parameters for   DESCRIPTION         
each satellite and each station in case of GPS and for each DESCRIPTION         
satellite-station link in case of GLONASS. The code bias    DESCRIPTION         
datum is defined by zero-mean conditions imposed on the     DESCRIPTION         
satellite bias estimates. In this file, just GPS C1W-C2W    DESCRIPTION         
satellite and station bias values are included. The         DESCRIPTION         
complete set of GNSS code bias results is provided in an    DESCRIPTION         
additional Bias-SINEX file as pseudo-absolute values        DESCRIPTION         
specific to each observable.                                DESCRIPTION         
Note: These GIM results correspond to the results for the   DESCRIPTION         
middle day of a 3-day combination analysis solving for 73   DESCRIPTION         
times 256, or 18688 VTEC parameters and 3 daily sets of     DESCRIPTION         
GNSS code bias parameters.                                  DESCRIPTION         
Contact address: code(at)aiub.unibe.ch                      DESCRIPTION         
Data archive:    ftp.aiub.unibe.ch/CODE/                    DESCRIPTION         
                 www.aiub.unibe.ch/download/CODE/           DESCRIPTION         
  2017     9     1     0     0     0                        EPOCH OF FIRST MAP  
  2017     9     2     0     0     0                        EPOCH OF LAST MAP   
  3600                                                      INTERVAL            
[...]
flrs frdn ftna func ganp glps glsv gmsd gode godz gol2 gold COMMENT             
gope gras graz guam guat guug harb hers hert hlfx hnlc hnpt COMMENT             
hob2 hofn holb holm hrao hyde iddr ieng iisc ineg invk iqal COMMENT             
irkj isba joz2 joze karr kat1 kely kerg khar kir0 kiri kiru COMMENT             
kit3 kokb kokv kouc koug krgg lama laut lhaz lmmf lpal lpgs COMMENT             
m0se mac1 madr mag0 maju mal2 mana mas1 mat1 mate maui maw1 COMMENT             
mbar mcil mcm4 mdo1 mdvj medi mets mgue mizu mkea mnls mobj COMMENT             
mobk mobs monp morp mqzg mro1 mtka nain nano naur nico nist COMMENT             
nium nklg nlib nnor not1 novm nrc1 nrmd ntus nya1 nyal ohi2 COMMENT             
ohi3 onsa opmt ous2 pado palv parc park pbri pdel penc pert COMMENT             
pfa2 pie1 pimo pohn pol2 polv pots pove prds ptag ptbb ptvl COMMENT             
qaq1 rabt ramo rbay recf reso reun reyk rgdg rio2 riop roth COMMENT             
salu samo sant savo sch2 scrz sctb scub seyg sfer shao sofi COMMENT             
spt0 ssia sthl stjo stk2 str2 suth sutm sutv suwn sydn syog COMMENT             
tabl tabv tash tehn thtg thti thu2 thu3 tid1 tidb tixg tixi COMMENT             
tlse tn22 tong tow2 tro1 tsea tskb twtf txes uclu ufpr unb3 COMMENT             
unbj unsa urum urus usud vaco vald vill voim vtsp wab1 wark COMMENT             
wgtn whit will wind wsrt wtza wtzr wtzs wtzz xmis yakt yar2 COMMENT             
yar3 yarr ycba yell ykro yssk zamb zeck zim2 zim3 zimj zimm COMMENT             
                                                            END OF HEADER       
[from data line 1716]
     5                                                      START OF TEC MAP    
  2017     9     1     4     0     0                        EPOCH OF CURRENT MAP
    87.5-180.0 180.0   5.0 450.0                            LAT/LON1/LON2/DLON/H
   87   86   86   86   85   85   84   84   83   83   82   82   81   80   80   79
   78   78   77   76   76   75   75   74   74   73   73   73   73   72   72   73
   73   73   73   73   74   74   75   75   76   76   77   77   78   79   79   80
   81   81   82   83   83   84   84   85   85   86   86   87   87   87   87   87
   87   88   88   87   87   87   87   87   87
    85.0-180.0 180.0   5.0 450.0                            LAT/LON1/LON2/DLON/H
   90   90   89   89   88   88   87   86   85   85   84   82   81   80   79   77
   76   75   73   72   71   69   68   67   66   65   65   64   64   64   64   64
   64   65   65   66   67   68   69   69   71   72   73   74   75   77   78   79
   80   82   83   84   85   86   87   88   89   90   90   91   91   91   92   92
   92   92   92   92   92   91   91   91   90
    82.5-180.0 180.0   5.0 450.0                            LAT/LON1/LON2/DLON/H
   91   91   90   90   89   89   88   87   87   86   85   83   82   80   79   77
   75   72   70   68   66   64   62   60   59   58   57   57   56   56   57   57
   58   59   59   60   61   62   64   65   66   68   69   71   73   74   76   78
   80   82   83   85   86   88   89   90   91   92   92   93   93   94   94   94
   94   94   94   93   93   93   92   92   91
    80.0-180.0 180.0   5.0 450.0                            LAT/LON1/LON2/DLON/H
   90   90   89   89   88   88   87   87   86   86   85   84   83   81   79   77
   74   71   68   64   61   59   56   54   52   51   50   50   50   51   52   52
   53   54   56   57   58   59   60   61   63   64   66   68   70   72   74   77
   79   81   83   85   87   88   89   90   91   92   92   93   93   93   93   93
   93   93   93   93   92   92   92   91   90
    77.5-180.0 180.0   5.0 450.0                            LAT/LON1/LON2/DLON/H
   88   87   86   86   85   84   84   84   84   84   84   84   83   81   79   77
   73   70   66   62   58   54   51   49   47   46   45   46   46   47   49   50
   51   53   54   55   56   57   58   59   60   61   63   65   67   70   72   75
   78   80   82   84   86   87   88   89   89   90   90   90   90   90   91   91
   91   91   91   91   91   90   90   89   88
    75.0-180.0 180.0   5.0 450.0                            LAT/LON1/LON2/DLON/H
   86   85   83   82   81   80   80   80   80   81   81   82   81   81   79   77
   73   69   65   60   55   51   47   45   43   42   42   43   44   46   48   49
   50   52   53   53   54   55   55   56   57   59   61   63   65   68   71   74
   77   79   82   83   85   86   86   86   86   86   86   86   86   86   87   87
   88   88   89   89   89   89   88   87   86
    72.5-180.0 180.0   5.0 450.0                            LAT/LON1/LON2/DLON/H
   85   83   81   78   76   75   74   74   74   75   76   78   78   78   78   76
   72   68   64   59   54   49   45   42   41   40   41   42   44   45   47   48
   49   50   50   51   51   52   52   53   55   56   58   61   63   66   70   73
   76   79   81   83   84   84   84   83   83   82   81   81   81   82   82   83
   84   85   87   87   88   88   88   87   85
    70.0-180.0 180.0   5.0 450.0                            LAT/LON1/LON2/DLON/H
   85   82   79   76   72   70   68   67   67   68   70   72   73   74   74   73
   71   68   63   58   53   48   44   42   40   40   41   42   44   45   46   47
   47   46   46   46   46   47   48   49   51   54   56   59   62   66   69   73
   76   79   81   82   82   82   81   80   79   78   77   77   77   78   79   80
   82   83   85   86   87   88   88   87   85
    67.5-180.0 180.0   5.0 450.0                            LAT/LON1/LON2/DLON/H
   86   83   79   75   70   66   63   61   60   60   62   64   67   69   70   70
   69   66   62   58   53   49   45   42   41   41   41   43   44   44   44   43
   41   40   39   38   39   40   42   45   48   51   55   58   62   66   70   73
   76   79   81   82   82   81   80   78   77   76   75   75   75   76   77   78
   80   82   84   86   87   88   89   88   86
    65.0-180.0 180.0   5.0 450.0                            LAT/LON1/LON2/DLON/H
   88   85   81   75   70   64   59   56   54   54   55   57   59   62   64   65
   65   64   61   58   53   49   45   43   42   41   42   43   43   42   40   37
   34   31   29   28   29   32   35   39   44   49   54   58   62   66   70   74
   77   80   81   82   82   81   79   77   76   75   75   75   75   76   77   78
   80   81   83   85   87   89   90   89   88
    62.5-180.0 180.0   5.0 450.0                            LAT/LON1/LON2/DLON/H
   90   87   83   78   71   65   59   54   51   49   49   50   52   55   57   59
   61   61   59   56   53   49   45   43   42   41   42   42   41   39   36   31
   26   22   19   19   20   24   29   35   41   47   53   58   63   67   71   75
   78   80   82   83   82   81   80   79   77   77   77   78   78   79   79   80
   80   81   82   84   86   88   90   91   90
    60.0-180.0 180.0   5.0 450.0                            LAT/LON1/LON2/DLON/H
   91   90   86   81   75   68   61   55   51   47   46   45   46   48   51   53
   55   56   55   54   51   47   44   41   40   40   40   40   39   36   32   26
   20   15   11   11   13   18   24   32   39   46   53   59   64   68   72   76
   79   82   84   85   85   84   83   81   81   81   81   82   83   83   83   82
   82   82   82   83   85   87   90   91   91
    57.5-180.0 180.0   5.0 450.0                            LAT/LON1/LON2/DLON/H
   93   93   90   86   80   73   66   60   54   49   45   43   42   43   45   47
   49   50   50   49   46   43   40   38   37   36   37   37   36   34   29   23
   16   11    8    8   11   16   23   31   39   46   53   60   65   70   74   78
   82   85   87   89   89   88   87   86   86   86   87   87   88   87   86   85
   83   82   82   83   85   87   90   92   93
    55.0-180.0 180.0   5.0 450.0                            LAT/LON1/LON2/DLON/H
   95   95   94   91   86   80   73   66   60   53   48   44   41   40   40   41
   42   43   43   42   40   38   35   33   32   32   33   34   34   32   28   23
   17   12    9   10   13   18   25   32   40   47   54   61   67   72   77   81
   85   90   93   95   95   94   93   92   91   92   92   93   92   91   89   87
   85   84   83   84   85   88   91   93   95
    52.5-180.0 180.0   5.0 450.0                            LAT/LON1/LON2/DLON/H
   98   98   98   95   92   87   81   74   67   60   53   47   42   39   37   36
   36   36   36   34   33   31   29   28   28   28   30   32   33   32   30   26
   21   17   16   17   20   25   30   36   42   49   56   64   70   76   81   86
   92   97  101  103  103  102  100   99   98   97   97   97   96   94   92   89
   87   86   86   87   88   91   93   96   98
    50.0-180.0 180.0   5.0 450.0                            LAT/LON1/LON2/DLON/H
  101  102  101  100   97   93   88   82   75   67   60   52   46   41   37   35
   32   31   29   28   27   26   25   25   26   27   29   31   33   34   33   31
   28   26   26   28   30   33   37   40   45   52   59   68   75   82   88   94
  100  106  111  114  114  112  109  107  104  103  102  100   98   96   93   90
   89   89   90   92   94   96   98   99  101
    47.5-180.0 180.0   5.0 450.0                            LAT/LON1/LON2/DLON/H
  104  104  104  103  101   98   94   88   81   74   66   59   52   46   41   36
   32   28   25   24   23   24   25   26   27   28   30   33   35   36   37   36
   36   36   38   40   42   43   44   46   49   55   64   74   83   91   98  104
  111  118  123  126  125  122  119  115  111  109  106  103  100   97   94   92
   92   93   95   98  101  102  103  104  104
    45.0-180.0 180.0   5.0 450.0                            LAT/LON1/LON2/DLON/H
  108  107  106  105  104  102   98   92   86   79   73   66   60   53   47   41
   36   30   26   24   24   26   29   31   33   35   36   37   38   40   41   42
   43   45   48   51   53   52   51   51   53   60   71   82   93  102  109  116
  123  130  136  138  137  133  128  123  119  115  111  107  103  100   97   95
   95   97  101  105  108  110  110  109  108
    42.5-180.0 180.0   5.0 450.0                            LAT/LON1/LON2/DLON/H
  110  109  107  106  105  103   99   94   89   83   78   74   69   63   57   51
   44   38   33   30   31   34   38   42   44   45   44   44   43   43   44   46
   49   52   57   60   61   60   57   55   58   66   79   93  105  115  122  128
  135  142  146  148  147  142  137  131  127  122  117  113  109  105  101  100
  100  103  108  113  116  117  115  113  110
    40.0-180.0 180.0   5.0 450.0                            LAT/LON1/LON2/DLON/H
  113  110  108  107  106  103  100   95   90   86   83   81   79   75   70   63
   56   49   44   41   41   45   50   55   58   58   56   53   50   48   47   49
   52   57   62   66   67   64   61   59   63   74   89  105  118  127  133  139
  144  150  155  156  154  150  145  140  135  130  126  121  116  112  109  107
  107  110  114  119  122  123  120  116  113
    37.5-180.0 180.0   5.0 450.0                            LAT/LON1/LON2/DLON/H
  115  112  109  108  107  104  101   96   91   89   88   89   89   87   83   77
   70   63   58   54   54   58   64   69   72   72   68   63   58   53   51   52
   55   60   66   69   70   67   64   63   68   81   98  116  130  138  142  146
  150  155  159  160  159  155  152  148  145  140  136  131  127  123  119  117
  116  118  122  126  129  128  124  120  115
    35.0-180.0 180.0   5.0 450.0                            LAT/LON1/LON2/DLON/H
  120  116  113  112  110  108  103   98   94   92   94   97   99   98   95   90
   84   77   71   67   66   70   76   81   84   83   79   73   66   60   56   56
   59   63   68   71   71   69   66   66   73   87  106  125  138  145  148  149
  152  156  159  161  161  160  158  157  155  152  147  143  139  136  133  130
  128  128  131  134  136  134  130  125  120
    32.5-180.0 180.0   5.0 450.0                            LAT/LON1/LON2/DLON/H
  128  124  122  119  117  115  110  104   99   98  101  105  108  107  104   99
   93   87   81   76   75   77   83   88   91   91   87   81   74   67   62   61
   63   67   70   72   72   69   67   67   75   91  111  130  142  148  148  149
  151  154  158  161  162  164  165  166  166  164  160  156  152  150  147  144
  142  141  142  144  145  143  138  133  128
    30.0-180.0 180.0   5.0 450.0                            LAT/LON1/LON2/DLON/H
  142  138  135  132  130  126  121  114  109  107  109  113  115  113  108  103
   97   92   85   80   77   79   84   89   93   94   92   87   80   74   69   67
   68   71   73   74   72   70   67   68   76   92  112  130  141  145  145  145
  147  151  156  160  165  169  173  177  179  178  174  170  166  165  163  161
  158  157  157  159  159  156  151  146  142
    27.5-180.0 180.0   5.0 450.0                            LAT/LON1/LON2/DLON/H
  162  158  155  151  148  143  137  129  122  118  118  120  119  115  108  102
   96   90   83   77   74   76   80   85   90   92   91   89   85   80   76   74
   74   75   75   74   72   69   66   67   74   89  107  124  135  139  139  140
  143  148  155  162  169  177  184  189  193  193  189  184  181  179  179  178
  177  176  177  178  177  174  170  166  162
    25.0-180.0 180.0   5.0 450.0                            LAT/LON1/LON2/DLON/H
  188  184  180  175  170  165  158  148  138  132  128  126  122  114  105   97
   90   84   77   71   68   69   74   79   84   87   88   88   86   84   81   79
   78   77   76   74   71   68   64   64   69   82   99  115  126  131  133  136
  141  148  158  168  178  188  196  204  209  209  205  200  196  195  196  197
  197  198  200  201  201  198  194  191  188
    22.5-180.0 180.0   5.0 450.0                            LAT/LON1/LON2/DLON/H
  218  214  209  202  196  190  181  170  157  146  139  133  124  113  102   92
   84   77   70   64   62   64   69   74   78   81   84   86   86   85   83   82
   80   77   74   71   69   65   61   59   62   72   88  104  115  122  128  134
  142  152  164  177  190  202  212  220  226  228  224  218  212  211  213  216
  220  222  225  227  227  225  222  220  218
    20.0-180.0 180.0   5.0 450.0                            LAT/LON1/LON2/DLON/H
  249  246  239  231  224  216  206  192  176  162  150  139  128  114  101   90
   82   74   67   61   60   63   68   73   76   78   80   82   83   83   83   81
   78   74   69   66   64   61   57   53   54   63   77   93  106  116  125  135
  147  160  174  190  205  218  229  238  245  248  246  239  232  230  232  237
  243  247  251  254  254  253  252  251  249
    17.5-180.0 180.0   5.0 450.0                            LAT/LON1/LON2/DLON/H
  279  276  269  260  251  242  230  215  196  177  161  147  133  119  107   96
   87   79   72   67   67   70   75   79   80   79   79   80   80   80   79   77
   72   67   62   60   58   56   52   48   47   55   69   85  100  113  126  140
  154  169  186  203  220  235  246  256  265  270  269  263  255  251  253  259
  265  271  275  278  279  279  279  279  279
    15.0-180.0 180.0   5.0 450.0                            LAT/LON1/LON2/DLON/H
  305  302  295  285  276  266  253  236  214  192  172  156  142  129  119  109
  102   94   87   83   83   86   90   91   89   85   81   79   78   77   74   71
   65   59   54   52   52   52   49   44   43   50   64   81   98  115  131  147
  163  179  197  217  235  250  262  273  284  293  295  289  280  275  275  281
  287  292  295  297  299  300  301  304  305
    12.5-180.0 180.0   5.0 450.0                            LAT/LON1/LON2/DLON/H
  324  322  316  307  298  288  274  255  231  207  185  167  154  144  137  131
  125  118  112  108  106  108  109  107  102   95   87   82   78   75   70   65
   58   52   47   46   48   49   46   42   42   49   63   82  101  119  137  155
  172  188  207  227  246  262  275  287  301  313  319  315  306  299  298  301
  305  308  309  310  311  314  317  322  324
    10.0-180.0 180.0   5.0 450.0                            LAT/LON1/LON2/DLON/H
  337  336  332  325  317  307  293  273  248  221  198  180  168  162  158  156
  152  148  143  137  134  131  129  124  116  106   96   88   81   75   69   62
   54   47   43   43   45   47   46   43   44   51   67   87  106  125  144  161
  178  195  213  234  254  270  283  297  313  329  338  337  329  320  317  317
  318  318  317  316  317  320  326  333  337
     7.5-180.0 180.0   5.0 450.0                            LAT/LON1/LON2/DLON/H
  343  344  342  338  332  323  309  289  263  236  212  194  184  180  180  180
  179  177  172  166  159  151  144  136  126  116  105   96   88   79   71   63
   54   47   43   43   45   48   48   46   48   57   73   93  113  131  149  166
  182  198  216  236  256  273  287  302  320  338  350  351  344  335  330  327
  325  321  316  314  315  320  328  337  343
     5.0-180.0 180.0   5.0 450.0                            LAT/LON1/LON2/DLON/H
  343  346  347  346  342  335  322  302  277  250  225  207  198  195  196  198
  199  199  195  187  175  162  150  140  131  122  113  105   96   86   76   67
   58   51   47   46   47   50   50   50   52   62   79   99  118  136  152  168
  183  198  215  234  254  271  285  300  319  338  352  355  349  340  333  328
  323  316  309  305  307  315  325  335  343
     2.5-180.0 180.0   5.0 450.0                            LAT/LON1/LON2/DLON/H
  337  343  346  348  347  342  330  312  289  263  239  220  209  204  204  206
  207  208  205  196  181  163  147  136  129  124  119  112  104   94   83   73
   65   58   53   51   51   52   52   52   56   66   83  102  121  137  152  167
  181  195  211  229  248  264  278  293  310  328  341  345  341  333  326  320
  312  303  295  292  295  305  317  328  337
