GAMP/Examples/2017244/CODG2440.17I
     1.0            IONOSPHERE MAPS     GNSS                IONEX VERSION / TYPE
ADDNEQ2 V5.3        AIUB                06-SEP-17 02:22     PGM / RUN BY / DATE 
CODE'S GLOBAL IONOSPHERE MAPS FOR DAY 244, 2017             COMMENT             
Global ionosphere maps (GIM) are generated on a daily basis DESCRIPTION         
at CODE using data from about 300 GNSS sites of the IGS and DESCRIPTION         
other institutions. The vertical total electron content     DESCRIPTION         
(VTEC) is modeled in a solar-geomagnetic reference frame    DESCRIPTION         
using a spherical harmonics expansion up to degree and      DESCRIPTION         
order 15. Piece-wise linear functions are used for          DESCRIPTION         
representation in the time domain. The time spacing of      DESCRIPTION         
their vertices is 1 hour, conforming with the epochs of the DESCRIPTION         
VTEC maps.                                                  DESCRIPTION         
To convert line-of-sight TEC into vertical TEC, a modified  DESCRIPTION         
single-layer model mapping function approximating the JPL   DESCRIPTION         
extended slab model mapping function is adopted. The        DESCRIPTION         
mapping function is evaluated at geodetic satellite         DESCRIPTION         
elevation angles. For the computation of the ionospheric    DESCRIPTION         
pierce points, a spherical layer with a radius of 6821 km   DESCRIPTION         
is assumed, implying geocentric, not geodetic IONEX         DESCRIPTION         
latitudes.                                                  DESCRIPTION         
Instrumental biases with respect to each involved GNSS code DESCRIPTION         
observable are estimated as constant values for each        DESCRIPTION         
day. They are modeled with one set of bias parameters for   DESCRIPTION         
each satellite and each station in case of GPS and for each DESCRIPTION         
satellite-station link in case of GLONASS. The code bias    DESCRIPTION         
datum is defined by zero-mean conditions imposed on the     DESCRIPTION         
satellite bias estimates. In this file, just GPS C1W-C2W    DESCRIPTION         
satellite and station bias values are included. The         DESCRIPTION         
complete set of GNSS code bias results is provided in an    DESCRIPTION         
additional Bias-SINEX file as pseudo-absolute values        DESCRIPTION         
specific to each observable.                                DESCRIPTION         
Note: These GIM results correspond to the results for the   DESCRIPTION         
middle day of a 3-day combination analysis solving for 73   DESCRIPTION         
times 256, or 18688 VTEC parameters and 3 daily sets of     DESCRIPTION         
GNSS code bias parameters.                                  DESCRIPTION         
Contact address: code(at)aiub.unibe.ch                      DESCRIPTION         
Data archive:    ftp.aiub.unibe.ch/CODE/                    DESCRIPTION         
                 www.aiub.unibe.ch/download/CODE/           DESCRIPTION         
  2017     9     1     0     0     0                        EPOCH OF FIRST MAP  
  2017     9     2     0     0     0                        EPOCH OF LAST MAP   
  3600                                                      INTERVAL            
[...]
flrs frdn ftna func ganp glps glsv gmsd gode godz gol2 gold COMMENT             
gope gras graz guam guat guug harb hers hert hlfx hnlc hnpt COMMENT             
hob2 hofn holb holm hrao hyde iddr ieng iisc ineg invk iqal COMMENT             
irkj isba joz2 joze karr kat1 kely kerg khar kir0 kiri kiru COMMENT             
kit3 kokb kokv kouc koug krgg lama laut lhaz lmmf lpal lpgs COMMENT             
m0se mac1 madr mag0 maju mal2 mana mas1 mat1 mate maui maw1 COMMENT             
mbar mcil mcm4 mdo1 mdvj medi mets mgue mizu mkea mnls mobj COMMENT             
mobk mobs monp morp mqzg mro1 mtka nain nano naur nico nist COMMENT             
nium nklg nlib nnor not1 novm nrc1 nrmd ntus nya1 nyal ohi2 COMMENT             
ohi3 onsa opmt ous2 pado palv parc park pbri pdel penc pert COMMENT             
pfa2 pie1 pimo pohn pol2 polv pots pove prds ptag ptbb ptvl COMMENT             
qaq1 rabt ramo rbay recf reso reun reyk rgdg rio2 riop roth COMMENT             
salu samo sant savo sch2 scrz sctb scub seyg sfer shao sofi COMMENT             
spt0 ssia sthl stjo stk2 str2 suth sutm sutv suwn sydn syog COMMENT             
tabl tabv tash tehn thtg thti thu2 thu3 tid1 tidb tixg tixi COMMENT             
tlse tn22 tong tow2 tro1 tsea tskb twtf txes uclu ufpr unb3 COMMENT             
unbj unsa urum urus usud vaco vald vill voim vtsp wab1 wark COMMENT             
wgtn whit will wind wsrt wtza wtzr wtzs wtzz xmis yakt yar2 COMMENT             
yar3 yarr ycba yell ykro yssk zamb zeck zim2 zim3 zimj zimm COMMENT             
                                                            END OF HEADER       
[from data line 5148]
    13                                                      START OF TEC MAP    
  2017     9     1    12     0     0                        EPOCH OF CURRENT MAP
    87.5-180.0 180.0   5.0 450.0                            LAT/LON1/LON2/DLON/H
   73   74   75   75   76   77   78   79   79   80   81   82   82   83   84   84
   85   85   86   86   86   86   87   87   87   87   87   87   86   86   86   85
   85   84   84   83   82   82   81   80   79   79   78   77   76   76   75   74
   74   73   72   72   71   71   70   70   70   69   69   69   69   69   69   69
   69   69   70   70   71   71   72   73   73
    85.0-180.0 180.0   5.0 450.0                            LAT/LON1/LON2/DLON/H
   68   69   71   72   73   75   76   78   79   80   81   82   84   85   86   87
   87   88   89   90   91   91   92   92   92   92   92   92   92   92   91   90
   89   88   87   86   85   83   82   81   79   78   77   75   74   73   72   71
   70   69   68   67   66   65   65   64   63   62   62   61   61   61   60   61
   61   61   62   62   63   64   65   67   68
    82.5-180.0 180.0   5.0 450.0                            LAT/LON1/LON2/DLON/H
   64   65   67   69   71   72   74   75   77   78   79   80   81   82   83   85
   86   87   88   89   90   91   92   93   94   94   95   95   95   94   94   93
   92   90   89   87   85   83   81   80   78   76   75   74   73   72   71   70
   70   69   68   67   66   65   63   62   61   60   58   57   56   56   55   55
   55   55   56   57   58   59   60   62   64
    80.0-180.0 180.0   5.0 450.0                            LAT/LON1/LON2/DLON/H
   61   63   65   67   68   70   71   72   73   74   75   75   76   77   78   79
   80   81   83   84   86   88   89   91   92   93   94   95   95   95   95   94
   93   91   89   87   85   82   80   78   76   75   74   73   73   73   73   73
   73   73   72   71   70   69   67   66   64   62   60   58   57   55   54   54
   53   53   54   54   55   56   58   59   61
    77.5-180.0 180.0   5.0 450.0                            LAT/LON1/LON2/DLON/H
   60   61   63   65   66   67   68   69   69   69   69   69   69   69   70   71
   72   73   75   77   80   82   84   87   89   90   92   93   94   94   94   94
   93   91   89   87   84   82   79   77   75   74   74   74   74   75   77   78
   79   80   80   79   78   77   75   73   70   68   65   63   61   60   58   57
   56   56   56   56   56   57   57   59   60
    75.0-180.0 180.0   5.0 450.0                            LAT/LON1/LON2/DLON/H
   60   61   62   63   64   65   65   66   65   65   64   63   62   62   62   63
   65   66   69   72   74   77   80   83   85   87   89   90   92   93   93   94
   93   92   90   88   85   82   79   77   75   74   75   76   77   80   82   85
   87   88   89   88   87   85   83   80   77   75   72   70   68   66   65   64
   63   62   61   60   60   59   59   59   60
    72.5-180.0 180.0   5.0 450.0                            LAT/LON1/LON2/DLON/H
   59   59   59   60   61   62   63   62   62   61   59   58   57   57   57   58
   60   62   65   68   72   75   78   80   82   84   86   88   89   91   92   93
   94   93   92   90   88   85   81   79   77   77   77   79   82   85   89   92
   94   95   96   95   93   91   88   85   82   79   77   75   74   73   72   71
   70   69   67   66   64   62   61   59   59
    70.0-180.0 180.0   5.0 450.0                            LAT/LON1/LON2/DLON/H
   56   55   56   57   58   59   60   60   59   58   57   55   55   55   55   57
   59   62   65   69   72   75   78   80   81   83   84   85   87   89   91   93
   95   96   95   94   91   88   85   83   81   81   82   84   87   91   95   98
   99  100   99   97   94   91   88   85   82   80   78   77   77   77   77   76
   76   75   73   70   67   64   61   58   56
    67.5-180.0 180.0   5.0 450.0                            LAT/LON1/LON2/DLON/H
   51   50   50   51   53   55   56   57   57   56   55   54   54   55   56   59
   62   65   68   72   75   77   79   80   81   82   82   83   85   87   90   93
   96   98   99   98   96   94   90   88   86   86   87   90   93   97  100  102
  102  101   98   95   90   86   82   79   77   76   75   76   76   77   78   78
   78   77   75   72   68   63   58   54   51
    65.0-180.0 180.0   5.0 450.0                            LAT/LON1/LON2/DLON/H
   44   42   42   44   47   50   52   53   54   53   53   53   54   56   58   61
   65   69   72   75   78   79   81   81   81   81   81   82   84   86   89   93
   97  100  102  103  101   99   96   94   92   92   94   97  100  103  104  104
  102   99   94   89   84   79   75   72   70   70   70   71   73   74   75   75
   75   75   73   69   65   59   53   48   44
    62.5-180.0 180.0   5.0 450.0                            LAT/LON1/LON2/DLON/H
   36   34   35   38   41   45   48   49   50   50   50   50   52   55   59   63
   68   71   74   77   79   80   81   81   81   81   81   81   83   86   89   94
   98  102  105  107  106  104  102  100   98   99  101  104  106  108  108  106
  102   97   90   84   78   73   69   66   65   66   66   68   68   69   69   69
   69   68   67   64   59   53   46   40   36
    60.0-180.0 180.0   5.0 450.0                            LAT/LON1/LON2/DLON/H
   30   28   29   32   37   40   43   44   44   44   44   46   48   52   57   62
   67   71   74   76   77   78   78   79   79   80   81   82   84   86   90   95
  100  104  108  110  110  109  107  105  105  106  108  111  113  113  112  108
  102   96   89   83   77   72   69   67   66   66   67   67   67   66   64   63
   62   61   59   57   53   47   41   34   30
    57.5-180.0 180.0   5.0 450.0                            LAT/LON1/LON2/DLON/H
   27   25   26   30   34   37   39   39   38   37   37   38   41   46   52   57
   63   67   70   72   73   73   74   76   78   79   81   83   86   89   93   97
  102  106  110  112  113  113  112  111  111  113  116  118  120  119  116  111
  105   99   93   88   83   79   76   75   74   74   74   73   70   67   63   59
   56   55   54   53   50   45   39   32   27
    55.0-180.0 180.0   5.0 450.0                            LAT/LON1/LON2/DLON/H
   30   28   28   31   34   36   36   34   32   30   29   29   32   37   43   49
   55   60   64   66   67   68   70   73   76   80   83   86   90   93   97  100
  104  108  111  115  117  117  117  117  118  120  123  126  127  125  121  116
  111  106  102   99   96   93   91   90   89   88   87   84   80   74   67   61
   56   54   53   53   51   48   42   35   30
    52.5-180.0 180.0   5.0 450.0                            LAT/LON1/LON2/DLON/H
   38   35   34   36   37   37   35   32   28   24   22   22   23   27   32   39
   46   52   57   60   62   64   67   71   76   82   87   91   95   99  102  105
  107  111  114  118  121  123  124  125  126  129  131  133  134  131  127  123
  119  116  115  114  113  111  109  108  107  105  103  100   94   86   77   69
   63   59   59   59   59   56   50   44   38
    50.0-180.0 180.0   5.0 450.0                            LAT/LON1/LON2/DLON/H
   50   45   43   43   43   42   38   33   28   23   20   18   17   19   23   30
   38   46   52   57   60   64   68   73   79   86   92   97  101  105  108  110
  112  114  118  122  127  131  133  134  136  138  140  141  140  137  133  129
  127  127  128  129  129  128  126  124  122  121  118  115  109  101   92   83
   75   71   70   70   70   68   63   56   50
    47.5-180.0 180.0   5.0 450.0                            LAT/LON1/LON2/DLON/H
   62   57   54   52   51   48   43   37   32   28   24   20   17   16   18   23
   32   42   51   58   63   67   72   78   84   91   98  103  108  112  114  116
  117  119  123  129  135  140  144  145  147  148  149  149  147  143  139  135
  135  136  139  140  141  139  137  134  132  131  129  126  122  116  108   99
   91   86   84   84   84   82   77   70   62
    45.0-180.0 180.0   5.0 450.0                            LAT/LON1/LON2/DLON/H
   73   67   63   61   58   55   50   46   42   39   35   29   24   19   18   22
   31   42   53   62   69   74   79   85   92   98  104  110  114  118  120  122
  123  125  130  137  145  152  156  158  158  159  158  157  153  148  143  141
  140  143  145  146  145  142  139  136  134  133  132  131  130  127  122  115
  108  101   98   97   96   94   89   81   73
    42.5-180.0 180.0   5.0 450.0                            LAT/LON1/LON2/DLON/H
   80   73   69   67   65   62   59   56   55   54   51   45   37   29   25   26
   34   46   59   70   78   83   88   93   99  105  111  115  119  123  126  129
  130  133  138  146  155  163  169  170  170  169  167  164  159  153  148  145
  145  146  147  146  143  139  135  132  130  129  129  130  131  132  130  126
  120  113  108  105  103  101   95   88   80
    40.0-180.0 180.0   5.0 450.0                            LAT/LON1/LON2/DLON/H
   82   75   72   71   69   68   67   67   69   71   71   65   56   45   37   35
   41   52   66   78   87   92   97  101  106  112  116  120  123  128  132  136
  139  142  147  156  166  175  180  182  181  179  176  171  165  159  153  151
  150  150  148  143  138  133  130  127  125  124  123  125  127  131  133  132
  127  119  112  107  104  101   96   89   82
    37.5-180.0 180.0   5.0 450.0                            LAT/LON1/LON2/DLON/H
   79   74   72   71   72   72   73   77   82   88   89   85   76   64   53   47
   50   60   73   86   95  100  103  107  111  116  120  124  128  133  139  144
  148  152  158  166  176  185  191  192  191  188  183  178  171  165  161  159
  159  156  151  144  137  132  130  128  127  124  121  121  123  127  131  131
  127  119  110  103   98   96   92   86   79
    35.0-180.0 180.0   5.0 450.0                            LAT/LON1/LON2/DLON/H
   76   71   69   70   72   74   77   83   91   99  104  102   94   82   69   61
   60   67   80   92  101  105  107  110  114  119  123  127  132  138  146  154
  159  164  169  176  185  194  200  201  199  195  190  184  178  174  173  173
  173  170  163  154  147  142  141  141  139  134  128  123  121  123  126  127
  123  114  104   95   90   88   86   81   76
    32.5-180.0 180.0   5.0 450.0                            LAT/LON1/LON2/DLON/H
   73   69   68   69   72   74   79   85   95  104  111  111  106   96   84   73
   69   74   85   97  105  108  109  111  115  121  126  131  137  145  154  163
  171  176  181  187  195  203  208  209  207  203  197  191  188  187  189  193
  195  192  185  176  169  167  168  169  165  157  145  134  127  124  124  123
  119  109   98   88   83   82   81   78   73
    30.0-180.0 180.0   5.0 450.0                            LAT/LON1/LON2/DLON/H
   75   70   68   69   72   75   79   85   93  102  109  113  111  105   94   83
   76   78   88   99  107  109  109  110  114  121  128  135  142  151  162  173
  182  189  194  199  206  212  216  218  216  211  206  201  200  203  211  219
  224  223  217  210  205  205  208  208  203  191  174  156  141  132  127  123
  117  107   95   85   81   81   82   80   75
    27.5-180.0 180.0   5.0 450.0                            LAT/LON1/LON2/DLON/H
   82   76   72   72   74   76   78   83   89   95  101  106  108  106   98   88
   80   80   89  101  108  110  109  109  113  122  130  139  147  157  169  182
  193  201  207  213  218  224  228  229  227  223  217  214  215  224  237  250
  258  260  256  251  250  252  254  253  245  229  208  185  164  148  137  129
  121  110   99   89   86   87   89   87   82
    25.0-180.0 180.0   5.0 450.0                            LAT/LON1/LON2/DLON/H
   93   85   80   78   78   78   79   81   83   86   90   94   99  101   97   88
   80   81   90  102  110  111  108  108  113  122  133  142  152  162  175  189
  202  213  222  228  233  238  243  244  243  238  233  230  235  248  266  283
  293  297  296  294  294  297  298  294  283  264  241  215  191  169  153  141
  131  120  109  101   98  100  102  100   93
    22.5-180.0 180.0   5.0 450.0                            LAT/LON1/LON2/DLON/H
  108   98   90   86   84   83   82   81   80   79   78   81   86   91   91   84
   78   79   89  103  111  112  109  108  113  123  134  145  155  166  179  194
  210  225  236  245  251  257  261  263  262  258  252  251  258  274  295  314
  326  330  330  330  332  332  330  322  308  288  266  242  217  193  173  157
  146  135  125  117  114  116  119  116  108
    20.0-180.0 180.0   5.0 450.0                            LAT/LON1/LON2/DLON/H
  123  111  101   96   92   90   87   85   81   75   70   69   74   80   82   78
   73   77   88  103  112  113  110  108  113  124  136  147  158  169  182  198
  216  235  251  263  271  277  282  285  285  280  275  275  283  301  323  341
  351  354  355  355  355  352  345  332  315  297  279  260  238  215  192  175
  162  151  142  134  131  133  135  132  123
    17.5-180.0 180.0   5.0 450.0                            LAT/LON1/LON2/DLON/H
  135  122  112  105  101   97   94   91   86   77   68   63   65   71   73   70
   68   73   87  102  111  113  110  109  114  125  137  149  160  171  184  201
  222  244  264  280  291  298  303  307  307  303  299  299  308  327  347  362
  368  369  367  366  363  356  342  325  307  292  280  267  251  230  208  189
  175  165  156  148  145  145  147  144  135
    15.0-180.0 180.0   5.0 450.0                            LAT/LON1/LON2/DLON/H
  143  131  121  113  108  104  102   99   94   84   71   63   61   64   65   63
   63   70   84  100  109  111  109  110  116  126  138  150  162  173  187  205
  227  252  276  295  308  315  321  325  326  323  320  321  331  348  365  376
  377  374  370  366  359  346  328  307  289  278  272  267  257  239  218  198
  184  174  165  157  152  152  153  151  143
    12.5-180.0 180.0   5.0 450.0                            LAT/LON1/LON2/DLON/H
  146  137  127  120  114  110  108  107  103   93   79   68   62   62   61   59
   59   67   81   96  105  108  108  110  118  128  140  153  165  177  191  210
  233  260  286  306  319  327  332  336  339  338  336  338  348  364  378  384
  381  373  366  360  349  332  310  288  272  264  263  262  256  241  221  201
  186  176  167  158  152  151  153  152  146
    10.0-180.0 180.0   5.0 450.0                            LAT/LON1/LON2/DLON/H
  147  140  132  125  119  114  112  112  110  102   88   75   67   63   60   57
   57   64   78   92  100  104  106  111  120  131  143  156  169  183  198  217
  240  266  291  311  323  330  335  339  342  343  343  347  357  372  384  386
  381  371  363  354  342  323  299  278  264  258  258  258  253  239  218  198
  183  172  163  154  147  146  149  150  147
     7.5-180.0 180.0   5.0 450.0                            LAT/LON1/LON2/DLON/H
  147  143  136  129  122  115  113  113  113  107   95   82   73   67   62   57
   56   63   76   88   96  100  105  114  124  135  147  160  175  190  206  224
  246  270  292  309  319  324  328  332  336  339  341  346  357  372  383  385
  380  371  363  355  342  323  301  283  270  264  262  259  251  235  213  192
  176  166  157  148  141  139  143  147  147
     5.0-180.0 180.0   5.0 450.0                            LAT/LON1/LON2/DLON/H
  148  146  140  132  123  115  111  111  111  107   98   87   78   71   64   58
   56   63   74   85   93   99  106  117  129  140  152  165  180  197  214  232
  251  271  288  301  308  311  313  316  321  325  329  336  348  363  376  381
  378  374  369  362  351  334  316  301  291  283  275  265  251  231  207  185
  169  159  151  143  136  135  140  146  148
     2.5-180.0 180.0   5.0 450.0                            LAT/LON1/LON2/DLON/H
  150  149  143  135  125  114  107  105  105  102   95   86   79   73   66   59
   57   62   73   84   93  100  109  121  134  145  157  169  185  202  220  237
  253  268  280  288  291  291  291  294  299  304  310  318  331  348  363  372
  376  377  377  373  364  351  339  328  319  308  293  274  253  228  202  179
  163  155  148  141  135  135  140  147  150
