GAMP/Examples/2017244/CODG2440.17I
     1.0            IONOSPHERE MAPS     GNSS                IONEX VERSION / TYPE
ADDNEQ2 V5.3        AIUB                06-SEP-17 02:22     PGM / RUN BY / DATE 
CODE'S GLOBAL IONOSPHERE MAPS FOR DAY 244, 2017             COMMENT             
Global ionosphere maps (GIM) are generated on a daily basis DESCRIPTION         
at CODE using data from about 300 GNSS sites of the IGS and DESCRIPTION         
other institutions. The vertical total electron content     DESCRIPTION         
(VTEC) is modeled in a solar-geomagnetic reference frame    DESCRIPTION         
using a spherical harmonics expansion up to degree and      DESCRIPTION         
order 15. Piece-wise linear functions are used for          DESCRIPTION         
representation in the time domain. The time spacing of      DESCRIPTION         
their vertices is 1 hour, conforming with the epochs of the DESCRIPTION         
VTEC maps.                                                  DESCRIPTION         
To convert line-of-sight TEC into vertical TEC, a modified  DESCRIPTION         
single-layer model mapping function approximating the JPL   DESCRIPTION         
extended slab model mapping function is adopted. The        DESCRIPTION         
mapping function is evaluated at geodetic satellite         DESCRIPTION         
elevation angles. For the computation of the ionospheric    DESCRIPTION         
pierce points, a spherical layer with a radius of 6821 km   DESCRIPTION         
is assumed, implying geocentric, not geodetic IONEX         DESCRIPTION         
latitudes.                                                  DESCRIPTION         
Instrumental biases with respect to each involved GNSS code DESCRIPTION         
observable are estimated as constant values for each        DESCRIPTION         
day. They are modeled with one set of bias parameters for   DESCRIPTION         
each satellite and each station in case of GPS and for each DESCRIPTION         
satellite-station link in case of GLONASS. The code bias    DESCRIPTION         
datum is defined by zero-mean conditions imposed on the     DESCRIPTION         
satellite bias estimates. In this file, just GPS C1W-C2W    DESCRIPTION         
satellite and station bias values are included. The         DESCRIPTION         
complete set of GNSS code bias results is provided in an    DESCRIPTION         
additional Bias-SINEX file as pseudo-absolute values        DESCRIPTION         
specific to each observable.                                DESCRIPTION         
Note: These GIM results correspond to the results for the   DESCRIPTION         
middle day of a 3-day combination analysis solving for 73   DESCRIPTION         
times 256, or 18688 VTEC parameters and 3 daily sets of     DESCRIPTION         
GNSS code bias parameters.                                  DESCRIPTION         
Contact address: code(at)aiub.unibe.ch                      DESCRIPTION         
Data archive:    ftp.aiub.unibe.ch/CODE/                    DESCRIPTION         
                 www.aiub.unibe.ch/download/CODE/           DESCRIPTION         
  2017     9     1     0     0     0                        EPOCH OF FIRST MAP  
  2017     9     2     0     0     0                        EPOCH OF LAST MAP   
  3600                                                      INTERVAL            
[...]
flrs frdn ftna func ganp glps glsv gmsd gode godz gol2 gold COMMENT             
gope gras graz guam guat guug harb hers hert hlfx hnlc hnpt COMMENT             
hob2 hofn holb holm hrao hyde iddr ieng iisc ineg invk iqal COMMENT             
irkj isba joz2 joze karr kat1 kely kerg khar kir0 kiri kiru COMMENT             
kit3 kokb kokv kouc koug krgg lama laut lhaz lmmf lpal lpgs COMMENT             
m0se mac1 madr mag0 maju mal2 mana mas1 mat1 mate maui maw1 COMMENT             
mbar mcil mcm4 mdo1 mdvj medi mets mgue mizu mkea mnls mobj COMMENT             
mobk mobs monp morp mqzg mro1 mtka nain nano naur nico nist COMMENT             
nium nklg nlib nnor not1 novm nrc1 nrmd ntus nya1 nyal ohi2 COMMENT             
ohi3 onsa opmt ous2 pado palv parc park pbri pdel penc pert COMMENT             
pfa2 pie1 pimo pohn pol2 polv pots pove prds ptag ptbb ptvl COMMENT             
qaq1 rabt ramo rbay recf reso reun reyk rgdg rio2 riop roth COMMENT             
salu samo sant savo sch2 scrz sctb scub seyg sfer shao sofi COMMENT             
spt0 ssia sthl stjo stk2 str2 suth sutm sutv suwn sydn syog COMMENT             
tabl tabv tash tehn thtg thti thu2 thu3 tid1 tidb tixg tixi COMMENT             
tlse tn22 tong tow2 tro1 tsea tskb twtf txes uclu ufpr unb3 COMMENT             
unbj unsa urum urus usud vaco vald vill voim vtsp wab1 wark COMMENT             
wgtn whit will wind wsrt wtza wtzr wtzs wtzz xmis yakt yar2 COMMENT             
yar3 yarr ycba yell ykro yssk zamb zeck zim2 zim3 zimj zimm COMMENT             
                                                            END OF HEADER       
[from data line 6435]
    16                                                      START OF TEC MAP    
  2017     9     1    15     0     0                        EPOCH OF CURRENT MAP
    87.5-180.0 180.0   5.0 450.0                            LAT/LON1/LON2/DLON/H
   64   64   65   65   65   66   66   66   67   67   67   67   68   68   68   68
   69   69   69   69   69   69   69   69   69   69   69   69   69   69   69   68
   68   68   68   67   67   67   66   66   66   65   65   65   65   64   64   64
   64   63   63   63   63   62   62   62   62   62   62   62   62   62   62   62
   62   62   62   62   63   63   63   64   64
    85.0-180.0 180.0   5.0 450.0                            LAT/LON1/LON2/DLON/H
   63   64   65   65   66   67   67   68   68   69   69   70   70   71   71   71
   72   72   73   73   73   74   74   74   74   74   74   74   73   73   72   72
   71   71   70   69   69   68   68   67   66   66   65   65   65   64   64   64
   63   63   63   62   62   61   61   60   60   60   59   59   59   59   59   59
   59   59   59   60   60   61   62   62   63
    82.5-180.0 180.0   5.0 450.0                            LAT/LON1/LON2/DLON/H
   63   64   65   66   67   68   69   69   70   70   71   71   72   72   73   73
   74   75   75   76   77   78   78   79   79   79   79   79   78   77   77   76
   75   74   72   71   70   69   68   67   67   66   66   65   65   65   65   64
   64   64   64   63   63   62   61   60   59   58   57   57   56   56   55   55
   55   56   56   57   58   59   60   62   63
    80.0-180.0 180.0   5.0 450.0                            LAT/LON1/LON2/DLON/H
   62   64   66   67   68   69   70   70   70   70   71   71   71   72   72   73
   74   75   77   78   80   81   82   83   84   84   84   83   83   82   80   79
   77   76   74   72   71   69   68   67   66   66   65   65   65   65   66   66
   66   66   66   65   64   63   62   61   59   57   56   54   53   52   51   51
   51   52   52   54   55   57   59   61   62
    77.5-180.0 180.0   5.0 450.0                            LAT/LON1/LON2/DLON/H
   61   63   65   67   68   69   69   69   69   69   69   69   69   70   70   72
   73   75   77   79   81   83   85   87   88   88   88   87   86   85   83   81
   79   77   74   72   70   69   67   66   65   64   64   64   65   65   66   67
   67   67   67   67   66   64   63   61   59   56   54   52   50   49   47   47
   47   47   48   50   52   54   56   59   61
    75.0-180.0 180.0   5.0 450.0                            LAT/LON1/LON2/DLON/H
   59   61   63   65   66   66   67   67   66   66   66   66   66   67   68   69
   71   73   76   79   82   85   88   90   91   91   91   90   89   87   84   82
   79   77   74   72   70   67   66   64   63   63   63   63   64   65   66   67
   67   68   68   67   66   64   62   59   57   54   51   49   46   45   43   42
   42   43   44   45   48   50   53   56   59
    72.5-180.0 180.0   5.0 450.0                            LAT/LON1/LON2/DLON/H
   55   58   59   61   62   62   62   62   62   62   62   63   63   64   65   67
   69   72   75   79   83   86   90   92   93   94   93   92   90   87   85   82
   79   76   74   71   69   67   65   63   62   62   62   62   63   64   65   66
   67   67   66   65   63   61   59   56   53   50   47   45   43   41   40   39
   38   38   39   41   43   46   49   52   55
    70.0-180.0 180.0   5.0 450.0                            LAT/LON1/LON2/DLON/H
   50   53   54   55   55   56   56   56   57   58   59   60   61   62   64   65
   68   71   75   79   83   88   91   94   95   95   94   92   90   87   85   82
   79   77   74   72   69   67   65   63   62   62   62   62   63   63   64   65
   65   64   63   61   59   56   53   50   47   44   42   41   39   38   37   36
   36   35   36   37   39   42   45   48   50
    67.5-180.0 180.0   5.0 450.0                            LAT/LON1/LON2/DLON/H
   45   47   48   48   48   48   49   50   52   54   56   58   60   62   64   65
   68   71   75   79   84   89   93   95   96   96   95   92   90   87   85   83
   81   78   76   74   71   69   67   65   64   64   64   64   64   64   64   64
   63   61   59   56   53   49   46   42   40   38   37   37   37   37   36   35
   34   34   33   34   35   37   40   43   45
    65.0-180.0 180.0   5.0 450.0                            LAT/LON1/LON2/DLON/H
   40   41   42   42   41   41   42   44   47   51   55   58   61   64   65   67
   69   72   76   81   86   90   94   97   97   97   95   93   91   89   87   86
   84   82   80   78   75   72   70   69   68   68   68   68   68   67   66   64
   62   59   56   52   47   43   39   36   34   33   33   34   36   37   37   36
   35   33   32   31   32   33   36   38   40
    62.5-180.0 180.0   5.0 450.0                            LAT/LON1/LON2/DLON/H
   36   37   37   36   36   36   37   40   44   49   54   59   63   66   68   69
   71   74   77   82   87   92   96   98   99   98   97   95   94   92   91   91
   90   88   86   83   80   78   76   74   74   74   74   74   74   72   70   67
   64   60   55   50   44   39   35   31   30   30   31   33   36   38   39   38
   36   34   31   30   29   30   32   34   36
    60.0-180.0 180.0   5.0 450.0                            LAT/LON1/LON2/DLON/H
   34   35   34   33   32   33   34   37   42   48   54   60   64   68   70   71
   73   76   79   84   89   93   97   99  100  100   99   98   97   97   97   97
   97   95   93   91   87   84   82   81   81   82   83   83   82   80   77   73
   68   63   57   51   45   40   35   31   30   30   32   35   38   40   41   40
   38   35   32   29   28   29   30   32   34
    57.5-180.0 180.0   5.0 450.0                            LAT/LON1/LON2/DLON/H
   34   34   34   33   32   32   34   38   42   48   54   60   65   68   71   73
   75   78   81   86   91   95   98  101  102  102  102  102  102  103  103  104
  104  103  101   98   95   92   90   89   90   92   93   94   93   90   86   81
   76   70   64   57   51   45   40   37   35   34   36   38   40   42   43   42
   40   36   33   30   28   29   31   33   34
    55.0-180.0 180.0   5.0 450.0                            LAT/LON1/LON2/DLON/H
   36   36   35   34   34   35   37   40   44   49   54   59   64   68   71   74
   76   80   84   88   93   97  100  102  103  104  105  106  107  108  109  110
  110  110  109  106  104  101   99   99  100  102  104  105  104  101   97   91
   86   80   73   67   61   55   50   46   44   42   42   43   44   45   45   44
   42   38   35   32   31   31   33   35   36
    52.5-180.0 180.0   5.0 450.0                            LAT/LON1/LON2/DLON/H
   40   39   39   38   38   40   42   45   48   51   54   58   62   66   70   74
   78   83   87   92   96   99  102  103  105  106  108  109  111  112  113  113
  114  115  115  115  113  111  110  110  112  114  116  117  115  112  107  102
   97   91   85   78   73   68   63   59   56   53   51   49   48   48   47   46
   44   41   38   35   35   35   37   39   40
    50.0-180.0 180.0   5.0 450.0                            LAT/LON1/LON2/DLON/H
   45   44   43   42   43   46   49   52   54   55   56   58   61   65   70   76
   81   87   92   96  100  102  104  105  107  109  111  113  114  114  115  115
  116  119  122  124  124  124  123  123  125  127  128  129  126  123  118  113
  108  102   96   90   85   80   77   73   69   64   60   56   52   50   49   48
   47   45   43   41   40   41   43   44   45
    47.5-180.0 180.0   5.0 450.0                            LAT/LON1/LON2/DLON/H
   50   49   47   47   48   52   56   60   61   61   60   60   62   66   72   79
   87   93   98  102  105  106  107  108  110  112  115  116  117  116  115  115
  118  122  129  134  138  139  139  139  139  141  141  140  137  132  128  123
  118  112  106  100   95   91   88   85   81   75   69   62   57   53   52   51
   51   50   49   48   47   48   50   51   50
    45.0-180.0 180.0   5.0 450.0                            LAT/LON1/LON2/DLON/H
   56   53   51   50   53   58   63   68   70   69   67   66   67   71   78   86
   94  101  106  109  110  111  112  112  114  117  119  121  120  118  117  117
  121  128  138  147  154  157  158  157  156  155  154  151  146  141  136  132
  127  121  114  107  102   98   96   94   90   84   76   69   62   58   56   56
   56   57   56   55   55   55   56   57   56
    42.5-180.0 180.0   5.0 450.0                            LAT/LON1/LON2/DLON/H
   61   58   54   53   56   62   69   75   78   78   77   75   76   80   88   97
  105  111  115  116  117  117  117  118  120  123  125  127  126  124  122  123
  128  138  151  164  173  177  178  175  173  170  166  161  155  149  145  141
  136  129  120  112  106  102  101   99   95   89   82   75   69   64   63   63
   64   65   64   63   62   62   62   62   61
    40.0-180.0 180.0   5.0 450.0                            LAT/LON1/LON2/DLON/H
   65   61   57   55   58   64   73   81   86   89   88   87   89   93  100  109
  116  121  123  124  123  123  124  125  128  131  134  135  135  133  132  135
  142  154  169  184  194  198  198  194  189  184  178  171  164  158  154  150
  145  137  126  115  107  104  102  101   98   93   86   81   76   72   71   71
   72   73   72   69   67   66   66   66   65
    37.5-180.0 180.0   5.0 450.0                            LAT/LON1/LON2/DLON/H
   68   64   60   57   59   65   74   84   93   98  100  101  103  107  114  122
  128  131  131  130  130  130  132  134  137  140  143  146  147  148  150  155
  164  177  192  206  215  218  216  211  204  197  189  180  172  166  163  160
  155  144  131  118  109  104  103  102   98   94   90   86   83   81   80   80
   81   81   78   75   71   69   69   69   68
    35.0-180.0 180.0   5.0 450.0                            LAT/LON1/LON2/DLON/H
   70   67   62   59   59   65   74   85   96  104  109  113  116  121  127  134
  138  138  137  135  135  137  140  143  146  150  154  158  162  167  173  181
  192  205  219  230  236  236  231  224  217  208  199  189  181  176  175  173
  166  154  137  122  111  106  104  102   99   95   92   91   91   90   90   89
   89   87   84   78   73   69   69   70   70
    32.5-180.0 180.0   5.0 450.0                            LAT/LON1/LON2/DLON/H
   71   69   65   61   61   64   72   83   95  107  116  122  127  132  138  142
  144  143  140  139  140  143  147  151  155  159  164  171  179  189  200  212
  225  237  246  252  253  249  243  235  226  217  208  198  191  188  188  187
  180  166  146  128  116  111  108  105  100   95   94   95   97   98   98   96
   95   92   88   81   74   70   69   71   71
    30.0-180.0 180.0   5.0 450.0                            LAT/LON1/LON2/DLON/H
   73   72   68   65   63   64   70   80   92  106  118  127  133  138  143  147
  147  144  141  140  143  148  154  158  162  167  174  183  196  211  228  244
  258  268  272  272  267  259  250  242  234  226  216  208  203  202  205  205
  197  179  157  137  124  119  115  110  103   97   96   99  103  104  103  101
   99   96   91   83   75   71   70   71   73
    27.5-180.0 180.0   5.0 450.0                            LAT/LON1/LON2/DLON/H
   75   74   72   69   66   66   69   76   88  102  116  127  135  141  145  147
  146  143  139  140  144  152  158  163  167  172  181  194  210  231  253  273
  288  296  295  288  278  266  256  248  241  234  226  219  216  219  223  224
  215  195  170  148  135  128  124  117  107  100   98  101  106  108  106  103
  101   98   94   86   79   73   72   73   75
    25.0-180.0 180.0   5.0 450.0                            LAT/LON1/LON2/DLON/H
   77   77   76   74   71   69   69   73   83   98  113  125  134  140  144  145
  143  140  137  139  145  154  161  166  170  176  186  202  222  247  273  296
  312  317  312  301  286  272  262  254  249  243  237  232  232  238  244  245
  234  211  183  159  145  139  133  125  113  104  100  103  108  109  107  104
  101  100   97   91   84   78   76   76   77
    22.5-180.0 180.0   5.0 450.0                            LAT/LON1/LON2/DLON/H
   80   80   80   79   77   74   71   72   80   94  109  123  132  138  141  142
  140  137  135  138  146  156  163  167  171  178  190  208  231  258  286  311
  327  332  324  310  293  279  269  263  259  255  250  247  250  258  266  267
  253  227  196  170  155  148  142  133  120  109  105  106  109  109  106  103
  101  101  100   97   91   85   82   80   80
    20.0-180.0 180.0   5.0 450.0                            LAT/LON1/LON2/DLON/H
   83   83   83   84   83   79   75   74   79   92  107  122  131  137  139  140
  138  136  135  139  148  157  163  167  172  180  195  214  238  265  293  319
  335  339  332  317  300  287  279  275  272  268  265  264  269  279  288  287
  270  241  207  180  164  156  150  140  128  117  111  110  111  109  106  102
  101  103  104  103   99   93   89   85   83
    17.5-180.0 180.0   5.0 450.0                            LAT/LON1/LON2/DLON/H
   87   86   86   88   87   84   79   76   80   92  108  123  133  138  140  140
  139  137  138  143  151  159  165  169  174  185  201  222  245  270  297  321
  337  341  335  322  308  298  291  288  286  282  280  281  287  298  306  303
  284  252  217  188  170  162  156  148  137  127  120  117  115  111  107  103
  103  105  107  108  106  101   96   91   87
    15.0-180.0 180.0   5.0 450.0                            LAT/LON1/LON2/DLON/H
   90   88   88   90   90   87   82   79   83   94  111  126  137  142  143  143
  143  142  144  149  156  164  168  172  179  193  211  232  253  276  298  319
  334  340  336  326  316  309  304  301  298  295  293  295  302  313  320  315
  293  260  224  195  176  166  161  155  147  139  132  126  121  116  110  106
  105  107  110  111  110  107  101   95   90
    12.5-180.0 180.0   5.0 450.0                            LAT/LON1/LON2/DLON/H
   93   90   89   89   89   87   83   80   85   97  114  131  142  147  149  149
  149  150  153  158  165  171  175  179  188  204  224  245  264  282  300  317
  330  336  334  329  323  318  314  311  307  303  301  303  311  321  326  319
  297  264  230  201  181  171  166  162  158  153  146  138  130  123  116  112
  109  109  111  112  112  109  104   98   93
    10.0-180.0 180.0   5.0 450.0                            LAT/LON1/LON2/DLON/H
   94   90   88   87   86   83   80   79   85   98  117  135  147  153  156  157
  158  161  164  170  176  181  185  190  201  218  239  259  275  289  302  315
  325  330  331  329  326  323  319  314  308  303  301  305  313  321  324  315
  294  264  233  206  187  176  171  170  170  167  161  151  141  131  124  119
  114  112  110  110  109  107  103   99   94
     7.5-180.0 180.0   5.0 450.0                            LAT/LON1/LON2/DLON/H
   94   90   87   83   80   77   75   76   82   97  116  136  150  159  162  165
  168  172  177  183  190  195  199  205  216  234  254  272  285  295  304  313
  320  323  324  324  323  320  316  309  301  296  294  298  305  311  312  302
  284  259  233  211  193  181  177  177  180  180  174  163  150  140  132  126
  120  114  109  106  104  103  100   97   94
     5.0-180.0 180.0   5.0 450.0                            LAT/LON1/LON2/DLON/H
   92   89   85   79   73   70   68   70   77   92  113  134  151  162  168  173
  178  184  191  198  204  210  214  221  232  249  267  282  292  299  305  309
  313  313  313  313  313  310  304  294  286  280  279  283  289  294  292  283
  267  249  230  213  197  186  181  182  186  187  182  170  157  146  139  132
  125  115  107  101   98   97   95   94   92
     2.5-180.0 180.0   5.0 450.0                            LAT/LON1/LON2/DLON/H
   89   87   82   75   67   62   61   63   71   86  106  129  148  162  172  179
  187  195  203  211  219  225  230  236  246  260  275  286  294  298  301  303
  302  300  298  297  296  292  284  273  264  259  259  263  268  270  266  258
  246  234  222  211  199  188  182  182  186  188  182  171  158  148  142  137
  128  117  106   98   93   91   90   89   89
